name:Basic Slime
cost:1
pwr:1
tou:1
fx:-
gfx:cccccccbbbccccccccccccccbccccbccccccccccccccbbbccbcccccbcccccbccbbbccccbbccccccccbccccb3bbccccccccccbbbb3bbbcccccccbbbbbb33bbcccccbbbbbbbbbbbbcccc331bbbbb1bbbcc13331bbbbb1bbbbc13331333331bbbbc11333333333bbb11111333333333311111113333333311111111111111111111


name:Coyote
cost:2
pwr:2
tou:1
fx:-
gfx:aaaaaaafffffffffaaafffffffffffffaafaff4ffff44fffafffaf44ff444fffafffff4444444fffafffff4444444fffffff444044044fffffff444444444ffffff44444444440fffff44444444444fffff4404044f44ffffff4404044ffffffff44440444fffffff440444444ffffff44044444444ffffff4f4444f4444ffff


name:Shadow Creature
cost:4
pwr:3
tou:1
fx:-
gfx:a00000000000000a0000000000000000000000000000000000080000000080000008800000088000000888000088800000000000000000000000000000000000000000000000000000080000000080000008808080088000000088888888000000000882288000000aaa00222200aaa0aaaaa000000aaaaaa0a0a000000a0a0a


name:Blinding Light
cost:1
pwr:-
tou:-
fx:2"noblock""noattack"
gfx:00505a50755575577775a5555755757500577775557aaa55050a555777a7a7a5005a505555aa7aa5050a555577a7a7a5005a5577557aaa7550777755575757577777a5507557575577705a575575575077050575507555757500507a5575057a00007775a755557000577750577aaa7700777700777505775077770577705077


name:Magic Shield
cost:1
pwr:-
tou:-
fx:1"+health2"
gfx:22ccc22cccccc28822c1cccc1cc1c28822c11cc1c111c88822c1c11cccc1888822c1cccc8cc8882222c1c8cccc88c22222c1ccc8c881c22222c1ccc888c1c22222c1cc888881c22222cc1c8c88c1c22222281cccc88cc222222c1cc8cc882222222cc1cccc8882222222cc11c1c8822222222ccc1cc288822222222ccc222882


name:Thunder Bolt
cost:2
pwr:-
tou:-
fx:1"damage1any"
gfx:500555005555005555555575570555557557007775500757777000aaa000007700000aaa0000000000000aaa00000000000aaaaa00000000000aaaa0000000000000aaa0000000000000aa00000000000000aaa000a0000000a00aaa0000a00000000aaa000000000aa000aaaa0000000000aaaaaaaa000a000aaaaaaaaaa000


name:Service Bot
cost:1
pwr:0
tou:1
fx:1"diesdraw"
gfx:1818181668181818818186655681818118166555566818188165555665568181165556655556181865656555585681816556555555561616655658555556866665565555566816568656555665568161186656655555686881656555555661611865565885681618816556588561818118655655556818188165565555568181


name:Castle Gate
cost:3
pwr:0
tou:5
fx:1"defender"
gfx:6556556556556556666666400466666656556040040565566666404004046666655640400404556566644040040446665654044004404555564404400440445566440440044044665544544004454456554545400454545664454540045454465445554004555445544044400444044554404440044404456440444004440446


name:Hanging Fruit
cost:2
pwr:-
tou:-
fx:2"life2""scry1"
gfx:0000000000000040000000000000044000000000000044000000000000004000000000000004400000000000022240000000000028882000000000002888200000000004422200000000044444000000000444440000000000444444000000000044444000000000004444000000000004444400000000004444400000000000


name:Giant Mantis
cost:3
pwr:2
tou:1
fx:1"1ststrike"
gfx:111bb1bbbb1bb11111b11bbbbbb11b111111171bb171111111bb1bbbbbb111111bbb11b33b1111111b7b1b3333b11111b77bb3b33b3b1111b7111333333bb111b71113333331b111b71111333311bb11b713111bb1117bb1b733313333177bbbb73133bbbb77bbb11b711333777bbb313b7177777bbbb13331b11bbbbbb11113


